>>> Monitoring Serial Line:

arduino-cli monitor -p /dev/ttyACM0 --config 115200

>>> INFO: M='NYBBLER v1.2 Started!' <<<

>>> BLOCK-START: T=18; S=0 <<<
         00 01 02 03 04 05 06 07 08 09 0A 0B 0C 0D 0E 0F
  [0x00] 12 01 41 00 15 FF FF 1F 15 FF FF 1F 15 FF FF 1F
  [0x10] 15 FF FF 1F 15 FF FF 1F 15 FF FF 1F 15 FF FF 1F
  [0x20] 15 FF FF 1F 15 FF FF 1F 15 FF FF 1F 15 FF FF 1F
  [0x30] 15 FF FF 1F 15 FF FF 1F 01 00 00 10 00 00 00 00
  [0x40] 00 00 00 00 00 00 00 00 0F 6C FF 07 00 00 00 00
  [0x50] 00 00 00 00 00 00 00 00 00 00 00 00 00 00 00 00
  [0x60] 00 00 00 00 06 C0 03 03 12 FF FF 03 12 FF FF 03
  [0x70] 12 FF FF 03 12 FF FF 03 12 FF FF 03 11 FF FF 01
  [0x80] 11 FF FF 01 11 FF FF 01 11 FF FF 01 11 FF FF 01
  [0x90] 4D 55 53 49 43 20 34 A0 A0 A0 A0 A0 A0 A0 A0 A0
  [0xA0] A0 A0 4D 34 A0 32 41 A0 A0 A0 A0 00 00 00 00 00
  [0xB0] 00 00 00 00 00 00 00 00 00 00 00 00 00 00 00 00
  [0xC0] 00 00 00 00 00 00 00 00 00 00 00 00 00 00 00 00
  [0xD0] 00 00 00 00 00 00 00 00 00 00 00 00 00 00 00 00
  [0xE0] 00 00 00 00 00 00 00 00 00 00 00 00 00 00 00 00
  [0xF0] 00 00 00 00 00 00 00 00 00 00 00 00 00 00 00 00
>>> BLOCK-END; C=0xB7B4; E=0 <<<

>>> BLOCK-START: T=18; S=1 <<<
         00 01 02 03 04 05 06 07 08 09 0A 0B 0C 0D 0E 0F
  [0x00] 12 04 83 12 00 2D 2D 2D 2D 2D 2D 2D 2D 2D 2D 2D
  [0x10] 2D 2D 2D 2D 2D 00 00 00 00 00 00 00 00 00 00 00
  [0x20] 00 00 82 11 00 48 41 50 50 59 53 59 4E 54 48 A0
  [0x30] A0 A0 A0 A0 A0 00 00 00 00 00 00 00 00 00 53 00
  [0x40] 00 00 82 13 00 48 41 50 50 59 53 2E 4D 50 47 2E
  [0x50] 31 A0 A0 A0 A0 00 00 00 00 00 00 00 00 00 05 00
  [0x60] 00 00 82 13 03 48 41 50 50 59 53 2E 4D 50 47 2E
  [0x70] 32 A0 A0 A0 A0 00 00 00 00 00 00 00 00 00 02 00
  [0x80] 00 00 82 13 04 48 41 50 50 59 53 2E 4D 50 47 2E
  [0x90] 33 A0 A0 A0 A0 00 00 00 00 00 00 00 00 00 01 00
  [0xA0] 00 00 83 12 00 2D 2D 2D 2D 2D 2D 2D 2D 2D 2D 2D
  [0xB0] 2D 2D 2D 2D 2D 00 00 00 00 00 00 00 00 00 00 00
  [0xC0] 00 00 81 13 05 48 53 59 2E 54 41 4E 47 45 52 49
  [0xD0] 4E 45 2E 2E 2E 00 00 00 00 00 00 00 00 00 01 00
  [0xE0] 00 00 81 13 06 48 53 59 2E 53 45 51 55 45 4E 5A
  [0xF0] 2E 31 2E 2E 2E 00 00 00 00 00 00 00 00 00 01 00
>>> BLOCK-END; C=0x1E75; E=0 <<<

>>> BLOCK-START: T=18; S=2 <<<
         00 01 02 03 04 05 06 07 08 09 0A 0B 0C 0D 0E 0F
  [0x00] 4B 01 01 01 01 01 01 01 01 01 01 01 01 01 01 01
  [0x10] 01 01 01 01 01 01 01 01 01 01 01 01 01 01 01 01
  [0x20] 01 01 01 01 01 01 01 01 01 01 01 01 01 01 01 01
  [0x30] 01 01 01 01 01 01 01 01 01 01 01 01 01 01 01 01
  [0x40] 01 01 01 01 01 01 01 01 01 01 01 01 01 01 01 01
  [0x50] 01 01 01 01 01 01 01 01 01 01 01 01 01 01 01 01
  [0x60] 01 01 01 01 01 01 01 01 01 01 01 01 01 01 01 01
  [0x70] 01 01 01 01 01 01 01 01 01 01 01 01 01 01 01 01
  [0x80] 01 01 01 01 01 01 01 01 01 01 01 01 01 01 01 01
  [0x90] 01 01 01 01 01 01 01 01 01 01 01 01 01 01 01 01
  [0xA0] 01 01 01 01 01 01 01 01 01 01 01 01 01 01 01 01
  [0xB0] 01 01 01 01 01 01 01 01 01 01 01 01 01 01 01 01
  [0xC0] 01 01 01 01 01 01 01 01 01 01 01 01 01 01 01 01
  [0xD0] 01 01 01 01 01 01 01 01 01 01 01 01 01 01 01 01
  [0xE0] 01 01 01 01 01 01 01 01 01 01 01 01 01 01 01 01
  [0xF0] 01 01 01 01 01 01 01 01 01 01 01 01 01 01 01 01
>>> BLOCK-END; C=0x804A; E=0 <<<

>>> BLOCK-START: T=18; S=3 <<<
         00 01 02 03 04 05 06 07 08 09 0A 0B 0C 0D 0E 0F
  [0x00] 4B 01 01 01 01 01 01 01 01 01 01 01 01 01 01 01
  [0x10] 01 01 01 01 01 01 01 01 01 01 01 01 01 01 01 01
  [0x20] 01 01 01 01 01 01 01 01 01 01 01 01 01 01 01 01
  [0x30] 01 01 01 01 01 01 01 01 01 01 01 01 01 01 01 01
  [0x40] 01 01 01 01 01 01 01 01 01 01 01 01 01 01 01 01
  [0x50] 01 01 01 01 01 01 01 01 01 01 01 01 01 01 01 01
  [0x60] 01 01 01 01 01 01 01 01 01 01 01 01 01 01 01 01
  [0x70] 01 01 01 01 01 01 01 01 01 01 01 01 01 01 01 01
  [0x80] 01 01 01 01 01 01 01 01 01 01 01 01 01 01 01 01
  [0x90] 01 01 01 01 01 01 01 01 01 01 01 01 01 01 01 01
  [0xA0] 01 01 01 01 01 01 01 01 01 01 01 01 01 01 01 01
  [0xB0] 01 01 01 01 01 01 01 01 01 01 01 01 01 01 01 01
  [0xC0] 01 01 01 01 01 01 01 01 01 01 01 01 01 01 01 01
  [0xD0] 01 01 01 01 01 01 01 01 01 01 01 01 01 01 01 01
  [0xE0] 01 01 01 01 01 01 01 01 01 01 01 01 01 01 01 01
  [0xF0] 01 01 01 01 01 01 01 01 01 01 01 01 01 01 01 01
>>> BLOCK-END; C=0x804A; E=0 <<<

>>> BLOCK-START: T=18; S=4 <<<
         00 01 02 03 04 05 06 07 08 09 0A 0B 0C 0D 0E 0F
  [0x00] 12 07 81 13 07 48 53 59 2E 4D 45 54 41 4C 4C 49
  [0x10] 47 2E 2E 2E 2E 00 00 00 00 00 00 00 00 00 01 00
  [0x20] 00 00 81 13 08 48 53 59 2E 53 45 51 55 45 4E 5A
  [0x30] 2E 32 2E 2E 2E 00 00 00 00 00 00 00 00 00 01 00
  [0x40] 00 00 81 13 09 48 53 59 2E 4F 52 47 45 4C 2E 32
  [0x50] 2E 2E 2E 2E 2E 00 00 00 00 00 00 00 00 00 01 00
  [0x60] 00 00 81 13 0C 48 53 59 2E 47 4C 4F 43 4B 45 4E
  [0x70] 2E 2E 2E 2E 2E 00 00 00 00 00 00 00 00 00 01 00
  [0x80] 00 00 81 13 0E 48 53 59 2E 4F 52 47 45 4C 2E 2E
  [0x90] 2E 2E 2E 2E 2E 00 00 00 00 00 00 00 00 00 01 00
  [0xA0] 00 00 81 13 0F 48 53 59 2E 42 52 41 4E 44 55 4E
  [0xB0] 47 2E 2E 2E 2E 00 00 00 00 00 00 00 00 00 01 00
  [0xC0] 00 00 81 13 10 48 53 59 2E 47 4C 4F 43 4B 45 4E
  [0xD0] 2E 32 2E 2E 2E 00 00 00 00 00 00 00 00 00 01 00
  [0xE0] 00 00 81 13 11 48 53 59 2E 48 59 50 45 52 53 4F
  [0xF0] 55 4E 44 2E 2E 00 00 00 00 00 00 00 00 00 01 00
>>> BLOCK-END; C=0xE615; E=0 <<<

>>> BLOCK-START: T=18; S=5 <<<
         00 01 02 03 04 05 06 07 08 09 0A 0B 0C 0D 0E 0F
  [0x00] 4B 01 01 01 01 01 01 01 01 01 01 01 01 01 01 01
  [0x10] 01 01 01 01 01 01 01 01 01 01 01 01 01 01 01 01
  [0x20] 01 01 01 01 01 01 01 01 01 01 01 01 01 01 01 01
  [0x30] 01 01 01 01 01 01 01 01 01 01 01 01 01 01 01 01
  [0x40] 01 01 01 01 01 01 01 01 01 01 01 01 01 01 01 01
  [0x50] 01 01 01 01 01 01 01 01 01 01 01 01 01 01 01 01
  [0x60] 01 01 01 01 01 01 01 01 01 01 01 01 01 01 01 01
  [0x70] 01 01 01 01 01 01 01 01 01 01 01 01 01 01 01 01
  [0x80] 01 01 01 01 01 01 01 01 01 01 01 01 01 01 01 01
  [0x90] 01 01 01 01 01 01 01 01 01 01 01 01 01 01 01 01
  [0xA0] 01 01 01 01 01 01 01 01 01 01 01 01 01 01 01 01
  [0xB0] 01 01 01 01 01 01 01 01 01 01 01 01 01 01 01 01
  [0xC0] 01 01 01 01 01 01 01 01 01 01 01 01 01 01 01 01
  [0xD0] 01 01 01 01 01 01 01 01 01 01 01 01 01 01 01 01
  [0xE0] 01 01 01 01 01 01 01 01 01 01 01 01 01 01 01 01
  [0xF0] 01 01 01 01 01 01 01 01 01 01 01 01 01 01 01 01
>>> BLOCK-END; C=0x804A; E=0 <<<

>>> BLOCK-START: T=18; S=6 <<<
         00 01 02 03 04 05 06 07 08 09 0A 0B 0C 0D 0E 0F
  [0x00] 4B 01 01 01 01 01 01 01 01 01 01 01 01 01 01 01
  [0x10] 01 01 01 01 01 01 01 01 01 01 01 01 01 01 01 01
  [0x20] 01 01 01 01 01 01 01 01 01 01 01 01 01 01 01 01
  [0x30] 01 01 01 01 01 01 01 01 01 01 01 01 01 01 01 01
  [0x40] 01 01 01 01 01 01 01 01 01 01 01 01 01 01 01 01
  [0x50] 01 01 01 01 01 01 01 01 01 01 01 01 01 01 01 01
  [0x60] 01 01 01 01 01 01 01 01 01 01 01 01 01 01 01 01
  [0x70] 01 01 01 01 01 01 01 01 01 01 01 01 01 01 01 01
  [0x80] 01 01 01 01 01 01 01 01 01 01 01 01 01 01 01 01
  [0x90] 01 01 01 01 01 01 01 01 01 01 01 01 01 01 01 01
  [0xA0] 01 01 01 01 01 01 01 01 01 01 01 01 01 01 01 01
  [0xB0] 01 01 01 01 01 01 01 01 01 01 01 01 01 01 01 01
  [0xC0] 01 01 01 01 01 01 01 01 01 01 01 01 01 01 01 01
  [0xD0] 01 01 01 01 01 01 01 01 01 01 01 01 01 01 01 01
  [0xE0] 01 01 01 01 01 01 01 01 01 01 01 01 01 01 01 01
  [0xF0] 01 01 01 01 01 01 01 01 01 01 01 01 01 01 01 01
>>> BLOCK-END; C=0x804A; E=0 <<<

>>> BLOCK-START: T=18; S=7 <<<
         00 01 02 03 04 05 06 07 08 09 0A 0B 0C 0D 0E 0F
  [0x00] 00 FF 81 13 12 48 53 59 2E 53 45 53 53 49 4F 4E
  [0x10] 53 4F 55 4E 44 00 00 00 00 00 00 00 00 00 01 00
  [0x20] 00 00 81 14 00 48 53 59 2E 53 55 50 45 52 51 55
  [0x30] 49 52 49 4E 2E 00 00 00 00 00 00 00 00 00 01 00
  [0x40] 00 00 81 14 01 48 53 59 2E 43 48 41 51 55 49 53
  [0x50] 55 50 45 52 2E 00 00 00 00 00 00 00 00 00 01 00
  [0x60] 00 00 81 14 02 48 53 59 2E 53 55 50 45 52 53 4F
  [0x70] 55 4E 44 2E 2E 00 00 00 00 00 00 00 00 00 01 00
  [0x80] 00 00 83 12 00 2D 2D 2D 2D 2D 2D 2D 2D 2D 2D 2D
  [0x90] 2D 2D 2D 2D 2D 00 00 00 00 00 00 00 00 00 00 00
  [0xA0] 00 00 82 14 03 52 4F 43 4B 4D 4F 4E 49 54 4F 52
  [0xB0] 20 33 A0 A0 A0 00 00 00 00 00 00 00 00 00 68 00
  [0xC0] 00 00 83 12 00 2D 2D 2D 2D 2D 2D 2D 2D 2D 2D 2D
  [0xD0] 2D 2D 2D 2D 2D 00 00 00 00 00 00 00 00 00 00 00
  [0xE0] 00 00 00 00 00 00 00 00 00 00 00 00 00 00 00 00
  [0xF0] 00 00 00 00 00 00 00 00 00 00 00 00 00 00 00 00
>>> BLOCK-END; C=0x7376; E=0 <<<

>>> BLOCK-START: T=18; S=8 <<<
         00 01 02 03 04 05 06 07 08 09 0A 0B 0C 0D 0E 0F
  [0x00] 4B 01 01 01 01 01 01 01 01 01 01 01 01 01 01 01
  [0x10] 01 01 01 01 01 01 01 01 01 01 01 01 01 01 01 01
  [0x20] 01 01 01 01 01 01 01 01 01 01 01 01 01 01 01 01
  [0x30] 01 01 01 01 01 01 01 01 01 01 01 01 01 01 01 01
  [0x40] 01 01 01 01 01 01 01 01 01 01 01 01 01 01 01 01
  [0x50] 01 01 01 01 01 01 01 01 01 01 01 01 01 01 01 01
  [0x60] 01 01 01 01 01 01 01 01 01 01 01 01 01 01 01 01
  [0x70] 01 01 01 01 01 01 01 01 01 01 01 01 01 01 01 01
  [0x80] 01 01 01 01 01 01 01 01 01 01 01 01 01 01 01 01
  [0x90] 01 01 01 01 01 01 01 01 01 01 01 01 01 01 01 01
  [0xA0] 01 01 01 01 01 01 01 01 01 01 01 01 01 01 01 01
  [0xB0] 01 01 01 01 01 01 01 01 01 01 01 01 01 01 01 01
  [0xC0] 01 01 01 01 01 01 01 01 01 01 01 01 01 01 01 01
  [0xD0] 01 01 01 01 01 01 01 01 01 01 01 01 01 01 01 01
  [0xE0] 01 01 01 01 01 01 01 01 01 01 01 01 01 01 01 01
  [0xF0] 01 01 01 01 01 01 01 01 01 01 01 01 01 01 01 01
>>> BLOCK-END; C=0x804A; E=0 <<<

>>> BLOCK-START: T=18; S=9 <<<
         00 01 02 03 04 05 06 07 08 09 0A 0B 0C 0D 0E 0F
  [0x00] 4B 01 01 01 01 01 01 01 01 01 01 01 01 01 01 01
  [0x10] 01 01 01 01 01 01 01 01 01 01 01 01 01 01 01 01
  [0x20] 01 01 01 01 01 01 01 01 01 01 01 01 01 01 01 01
  [0x30] 01 01 01 01 01 01 01 01 01 01 01 01 01 01 01 01
  [0x40] 01 01 01 01 01 01 01 01 01 01 01 01 01 01 01 01
  [0x50] 01 01 01 01 01 01 01 01 01 01 01 01 01 01 01 01
  [0x60] 01 01 01 01 01 01 01 01 01 01 01 01 01 01 01 01
  [0x70] 01 01 01 01 01 01 01 01 01 01 01 01 01 01 01 01
  [0x80] 01 01 01 01 01 01 01 01 01 01 01 01 01 01 01 01
  [0x90] 01 01 01 01 01 01 01 01 01 01 01 01 01 01 01 01
  [0xA0] 01 01 01 01 01 01 01 01 01 01 01 01 01 01 01 01
  [0xB0] 01 01 01 01 01 01 01 01 01 01 01 01 01 01 01 01
  [0xC0] 01 01 01 01 01 01 01 01 01 01 01 01 01 01 01 01
  [0xD0] 01 01 01 01 01 01 01 01 01 01 01 01 01 01 01 01
  [0xE0] 01 01 01 01 01 01 01 01 01 01 01 01 01 01 01 01
  [0xF0] 01 01 01 01 01 01 01 01 01 01 01 01 01 01 01 01
>>> BLOCK-END; C=0x804A; E=0 <<<

>>> BLOCK-START: T=18; S=10 <<<
         00 01 02 03 04 05 06 07 08 09 0A 0B 0C 0D 0E 0F
  [0x00] 4B 01 01 01 01 01 01 01 01 01 01 01 01 01 01 01
  [0x10] 01 01 01 01 01 01 01 01 01 01 01 01 01 01 01 01
  [0x20] 01 01 01 01 01 01 01 01 01 01 01 01 01 01 01 01
  [0x30] 01 01 01 01 01 01 01 01 01 01 01 01 01 01 01 01
  [0x40] 01 01 01 01 01 01 01 01 01 01 01 01 01 01 01 01
  [0x50] 01 01 01 01 01 01 01 01 01 01 01 01 01 01 01 01
  [0x60] 01 01 01 01 01 01 01 01 01 01 01 01 01 01 01 01
  [0x70] 01 01 01 01 01 01 01 01 01 01 01 01 01 01 01 01
  [0x80] 01 01 01 01 01 01 01 01 01 01 01 01 01 01 01 01
  [0x90] 01 01 01 01 01 01 01 01 01 01 01 01 01 01 01 01
  [0xA0] 01 01 01 01 01 01 01 01 01 01 01 01 01 01 01 01
  [0xB0] 01 01 01 01 01 01 01 01 01 01 01 01 01 01 01 01
  [0xC0] 01 01 01 01 01 01 01 01 01 01 01 01 01 01 01 01
  [0xD0] 01 01 01 01 01 01 01 01 01 01 01 01 01 01 01 01
  [0xE0] 01 01 01 01 01 01 01 01 01 01 01 01 01 01 01 01
  [0xF0] 01 01 01 01 01 01 01 01 01 01 01 01 01 01 01 01
>>> BLOCK-END; C=0x804A; E=0 <<<

>>> BLOCK-START: T=18; S=11 <<<
         00 01 02 03 04 05 06 07 08 09 0A 0B 0C 0D 0E 0F
  [0x00] 4B 01 01 01 01 01 01 01 01 01 01 01 01 01 01 01
  [0x10] 01 01 01 01 01 01 01 01 01 01 01 01 01 01 01 01
  [0x20] 01 01 01 01 01 01 01 01 01 01 01 01 01 01 01 01
  [0x30] 01 01 01 01 01 01 01 01 01 01 01 01 01 01 01 01
  [0x40] 01 01 01 01 01 01 01 01 01 01 01 01 01 01 01 01
  [0x50] 01 01 01 01 01 01 01 01 01 01 01 01 01 01 01 01
  [0x60] 01 01 01 01 01 01 01 01 01 01 01 01 01 01 01 01
  [0x70] 01 01 01 01 01 01 01 01 01 01 01 01 01 01 01 01
  [0x80] 01 01 01 01 01 01 01 01 01 01 01 01 01 01 01 01
  [0x90] 01 01 01 01 01 01 01 01 01 01 01 01 01 01 01 01
  [0xA0] 01 01 01 01 01 01 01 01 01 01 01 01 01 01 01 01
  [0xB0] 01 01 01 01 01 01 01 01 01 01 01 01 01 01 01 01
  [0xC0] 01 01 01 01 01 01 01 01 01 01 01 01 01 01 01 01
  [0xD0] 01 01 01 01 01 01 01 01 01 01 01 01 01 01 01 01
  [0xE0] 01 01 01 01 01 01 01 01 01 01 01 01 01 01 01 01
  [0xF0] 01 01 01 01 01 01 01 01 01 01 01 01 01 01 01 01
>>> BLOCK-END; C=0x804A; E=0 <<<

>>> BLOCK-START: T=18; S=12 <<<
         00 01 02 03 04 05 06 07 08 09 0A 0B 0C 0D 0E 0F
  [0x00] 4B 01 01 01 01 01 01 01 01 01 01 01 01 01 01 01
  [0x10] 01 01 01 01 01 01 01 01 01 01 01 01 01 01 01 01
  [0x20] 01 01 01 01 01 01 01 01 01 01 01 01 01 01 01 01
  [0x30] 01 01 01 01 01 01 01 01 01 01 01 01 01 01 01 01
  [0x40] 01 01 01 01 01 01 01 01 01 01 01 01 01 01 01 01
  [0x50] 01 01 01 01 01 01 01 01 01 01 01 01 01 01 01 01
  [0x60] 01 01 01 01 01 01 01 01 01 01 01 01 01 01 01 01
  [0x70] 01 01 01 01 01 01 01 01 01 01 01 01 01 01 01 01
  [0x80] 01 01 01 01 01 01 01 01 01 01 01 01 01 01 01 01
  [0x90] 01 01 01 01 01 01 01 01 01 01 01 01 01 01 01 01
  [0xA0] 01 01 01 01 01 01 01 01 01 01 01 01 01 01 01 01
  [0xB0] 01 01 01 01 01 01 01 01 01 01 01 01 01 01 01 01
  [0xC0] 01 01 01 01 01 01 01 01 01 01 01 01 01 01 01 01
  [0xD0] 01 01 01 01 01 01 01 01 01 01 01 01 01 01 01 01
  [0xE0] 01 01 01 01 01 01 01 01 01 01 01 01 01 01 01 01
  [0xF0] 01 01 01 01 01 01 01 01 01 01 01 01 01 01 01 01
>>> BLOCK-END; C=0x804A; E=0 <<<

>>> BLOCK-START: T=18; S=13 <<<
         00 01 02 03 04 05 06 07 08 09 0A 0B 0C 0D 0E 0F
  [0x00] 4B 01 01 01 01 01 01 01 01 01 01 01 01 01 01 01
  [0x10] 01 01 01 01 01 01 01 01 01 01 01 01 01 01 01 01
  [0x20] 01 01 01 01 01 01 01 01 01 01 01 01 01 01 01 01
  [0x30] 01 01 01 01 01 01 01 01 01 01 01 01 01 01 01 01
  [0x40] 01 01 01 01 01 01 01 01 01 01 01 01 01 01 01 01
  [0x50] 01 01 01 01 01 01 01 01 01 01 01 01 01 01 01 01
  [0x60] 01 01 01 01 01 01 01 01 01 01 01 01 01 01 01 01
  [0x70] 01 01 01 01 01 01 01 01 01 01 01 01 01 01 01 01
  [0x80] 01 01 01 01 01 01 01 01 01 01 01 01 01 01 01 01
  [0x90] 01 01 01 01 01 01 01 01 01 01 01 01 01 01 01 01
  [0xA0] 01 01 01 01 01 01 01 01 01 01 01 01 01 01 01 01
  [0xB0] 01 01 01 01 01 01 01 01 01 01 01 01 01 01 01 01
  [0xC0] 01 01 01 01 01 01 01 01 01 01 01 01 01 01 01 01
  [0xD0] 01 01 01 01 01 01 01 01 01 01 01 01 01 01 01 01
  [0xE0] 01 01 01 01 01 01 01 01 01 01 01 01 01 01 01 01
  [0xF0] 01 01 01 01 01 01 01 01 01 01 01 01 01 01 01 01
>>> BLOCK-END; C=0x804A; E=0 <<<

>>> BLOCK-START: T=18; S=14 <<<
         00 01 02 03 04 05 06 07 08 09 0A 0B 0C 0D 0E 0F
  [0x00] 4B 01 01 01 01 01 01 01 01 01 01 01 01 01 01 01
  [0x10] 01 01 01 01 01 01 01 01 01 01 01 01 01 01 01 01
  [0x20] 01 01 01 01 01 01 01 01 01 01 01 01 01 01 01 01
  [0x30] 01 01 01 01 01 01 01 01 01 01 01 01 01 01 01 01
  [0x40] 01 01 01 01 01 01 01 01 01 01 01 01 01 01 01 01
  [0x50] 01 01 01 01 01 01 01 01 01 01 01 01 01 01 01 01
  [0x60] 01 01 01 01 01 01 01 01 01 01 01 01 01 01 01 01
  [0x70] 01 01 01 01 01 01 01 01 01 01 01 01 01 01 01 01
  [0x80] 01 01 01 01 01 01 01 01 01 01 01 01 01 01 01 01
  [0x90] 01 01 01 01 01 01 01 01 01 01 01 01 01 01 01 01
  [0xA0] 01 01 01 01 01 01 01 01 01 01 01 01 01 01 01 01
  [0xB0] 01 01 01 01 01 01 01 01 01 01 01 01 01 01 01 01
  [0xC0] 01 01 01 01 01 01 01 01 01 01 01 01 01 01 01 01
  [0xD0] 01 01 01 01 01 01 01 01 01 01 01 01 01 01 01 01
  [0xE0] 01 01 01 01 01 01 01 01 01 01 01 01 01 01 01 01
  [0xF0] 01 01 01 01 01 01 01 01 01 01 01 01 01 01 01 01
>>> BLOCK-END; C=0x804A; E=0 <<<

>>> BLOCK-START: T=18; S=15 <<<
         00 01 02 03 04 05 06 07 08 09 0A 0B 0C 0D 0E 0F
  [0x00] 4B 01 01 01 01 01 01 01 01 01 01 01 01 01 01 01
  [0x10] 01 01 01 01 01 01 01 01 01 01 01 01 01 01 01 01
  [0x20] 01 01 01 01 01 01 01 01 01 01 01 01 01 01 01 01
  [0x30] 01 01 01 01 01 01 01 01 01 01 01 01 01 01 01 01
  [0x40] 01 01 01 01 01 01 01 01 01 01 01 01 01 01 01 01
  [0x50] 01 01 01 01 01 01 01 01 01 01 01 01 01 01 01 01
  [0x60] 01 01 01 01 01 01 01 01 01 01 01 01 01 01 01 01
  [0x70] 01 01 01 01 01 01 01 01 01 01 01 01 01 01 01 01
  [0x80] 01 01 01 01 01 01 01 01 01 01 01 01 01 01 01 01
  [0x90] 01 01 01 01 01 01 01 01 01 01 01 01 01 01 01 01
  [0xA0] 01 01 01 01 01 01 01 01 01 01 01 01 01 01 01 01
  [0xB0] 01 01 01 01 01 01 01 01 01 01 01 01 01 01 01 01
  [0xC0] 01 01 01 01 01 01 01 01 01 01 01 01 01 01 01 01
  [0xD0] 01 01 01 01 01 01 01 01 01 01 01 01 01 01 01 01
  [0xE0] 01 01 01 01 01 01 01 01 01 01 01 01 01 01 01 01
  [0xF0] 01 01 01 01 01 01 01 01 01 01 01 01 01 01 01 01
>>> BLOCK-END; C=0x804A; E=0 <<<

>>> BLOCK-START: T=18; S=16 <<<
         00 01 02 03 04 05 06 07 08 09 0A 0B 0C 0D 0E 0F
  [0x00] 4B 01 01 01 01 01 01 01 01 01 01 01 01 01 01 01
  [0x10] 01 01 01 01 01 01 01 01 01 01 01 01 01 01 01 01
  [0x20] 01 01 01 01 01 01 01 01 01 01 01 01 01 01 01 01
  [0x30] 01 01 01 01 01 01 01 01 01 01 01 01 01 01 01 01
  [0x40] 01 01 01 01 01 01 01 01 01 01 01 01 01 01 01 01
  [0x50] 01 01 01 01 01 01 01 01 01 01 01 01 01 01 01 01
  [0x60] 01 01 01 01 01 01 01 01 01 01 01 01 01 01 01 01
  [0x70] 01 01 01 01 01 01 01 01 01 01 01 01 01 01 01 01
  [0x80] 01 01 01 01 01 01 01 01 01 01 01 01 01 01 01 01
  [0x90] 01 01 01 01 01 01 01 01 01 01 01 01 01 01 01 01
  [0xA0] 01 01 01 01 01 01 01 01 01 01 01 01 01 01 01 01
  [0xB0] 01 01 01 01 01 01 01 01 01 01 01 01 01 01 01 01
  [0xC0] 01 01 01 01 01 01 01 01 01 01 01 01 01 01 01 01
  [0xD0] 01 01 01 01 01 01 01 01 01 01 01 01 01 01 01 01
  [0xE0] 01 01 01 01 01 01 01 01 01 01 01 01 01 01 01 01
  [0xF0] 01 01 01 01 01 01 01 01 01 01 01 01 01 01 01 01
>>> BLOCK-END; C=0x804A; E=0 <<<

>>> BLOCK-START: T=18; S=17 <<<
         00 01 02 03 04 05 06 07 08 09 0A 0B 0C 0D 0E 0F
  [0x00] 4B 01 01 01 01 01 01 01 01 01 01 01 01 01 01 01
  [0x10] 01 01 01 01 01 01 01 01 01 01 01 01 01 01 01 01
  [0x20] 01 01 01 01 01 01 01 01 01 01 01 01 01 01 01 01
  [0x30] 01 01 01 01 01 01 01 01 01 01 01 01 01 01 01 01
  [0x40] 01 01 01 01 01 01 01 01 01 01 01 01 01 01 01 01
  [0x50] 01 01 01 01 01 01 01 01 01 01 01 01 01 01 01 01
  [0x60] 01 01 01 01 01 01 01 01 01 01 01 01 01 01 01 01
  [0x70] 01 01 01 01 01 01 01 01 01 01 01 01 01 01 01 01
  [0x80] 01 01 01 01 01 01 01 01 01 01 01 01 01 01 01 01
  [0x90] 01 01 01 01 01 01 01 01 01 01 01 01 01 01 01 01
  [0xA0] 01 01 01 01 01 01 01 01 01 01 01 01 01 01 01 01
  [0xB0] 01 01 01 01 01 01 01 01 01 01 01 01 01 01 01 01
  [0xC0] 01 01 01 01 01 01 01 01 01 01 01 01 01 01 01 01
  [0xD0] 01 01 01 01 01 01 01 01 01 01 01 01 01 01 01 01
  [0xE0] 01 01 01 01 01 01 01 01 01 01 01 01 01 01 01 01
  [0xF0] 01 01 01 01 01 01 01 01 01 01 01 01 01 01 01 01
>>> BLOCK-END; C=0x804A; E=0 <<<

>>> BLOCK-START: T=18; S=18 <<<
         00 01 02 03 04 05 06 07 08 09 0A 0B 0C 0D 0E 0F
  [0x00] 4B 01 01 01 01 01 01 01 01 01 01 01 01 01 01 01
  [0x10] 01 01 01 01 01 01 01 01 01 01 01 01 01 01 01 01
  [0x20] 01 01 01 01 01 01 01 01 01 01 01 01 01 01 01 01
  [0x30] 01 01 01 01 01 01 01 01 01 01 01 01 01 01 01 01
  [0x40] 01 01 01 01 01 01 01 01 01 01 01 01 01 01 01 01
  [0x50] 01 01 01 01 01 01 01 01 01 01 01 01 01 01 01 01
  [0x60] 01 01 01 01 01 01 01 01 01 01 01 01 01 01 01 01
  [0x70] 01 01 01 01 01 01 01 01 01 01 01 01 01 01 01 01
  [0x80] 01 01 01 01 01 01 01 01 01 01 01 01 01 01 01 01
  [0x90] 01 01 01 01 01 01 01 01 01 01 01 01 01 01 01 01
  [0xA0] 01 01 01 01 01 01 01 01 01 01 01 01 01 01 01 01
  [0xB0] 01 01 01 01 01 01 01 01 01 01 01 01 01 01 01 01
  [0xC0] 01 01 01 01 01 01 01 01 01 01 01 01 01 01 01 01
  [0xD0] 01 01 01 01 01 01 01 01 01 01 01 01 01 01 01 01
  [0xE0] 01 01 01 01 01 01 01 01 01 01 01 01 01 01 01 01
  [0xF0] 01 01 01 01 01 01 01 01 01 01 01 01 01 01 01 01
>>> BLOCK-END; C=0x804A; E=0 <<<
